image_width: 640
image_height: 480
camera_name: right_camera
camera_matrix:
  rows: 3
  cols: 3
  data: [638.235092, 0, 311.31293, 0, 636.632117, 244.049873, 0, 0, 1]
distortion_model: plumb_bob
distortion_coefficients:
  rows: 1
  cols: 5
  data: [-0.409026, 0.173873, 0.001317, 0.000909, 0]
rectification_matrix:
  rows: 3
  cols: 3
  data: [1, 0, 0, 0, 1, 0, 0, 0, 1]
projection_matrix:
  rows: 3
  cols: 4
  data: [566.0601809999999, 0, 309.652762, 0, 0, 597.369629, 245.071073, 0, 0, 0, 1, 0]