image_width: 640
image_height: 480
camera_name: right_camera
camera_matrix:
  rows: 3
  cols: 3
  data: [633.0489229999999, 0, 316.797585, 0, 632.491178, 259.705506, 0, 0, 1]
distortion_model: plumb_bob
distortion_coefficients:
  rows: 1
  cols: 5
  data: [-0.38429, 0.150837, -0.004264, -0.003703, 0]
rectification_matrix:
  rows: 3
  cols: 3
  data: [1, 0, 0, 0, 1, 0, 0, 0, 1]
projection_matrix:
  rows: 3
  cols: 4
  data: [564.4966429999999, 0, 313.11829, 0, 0, 595.340637, 260.786519, 0, 0, 0, 1, 0]